2214 3
2579
3814 7
4186
5688 7
6638 12
6707
7004 13
7070
7369 14
7694
14148 35
14175
18135 48
18502
22471 48
23255 61
25689
29657 74
32742
36706 87
36845
40804 100
54683
58694 113
58842
59447 115
66196
66496 116
66523
70832 130
70919
71516 132
72436
77055 147
77142
77747 149
78580
78898 150
78948
79553 152
79574
80509 155
80591
81196 157
113793
119015 174
119100
119705 176
119881
120787 179
120799
121100 180
121155
125158 193
125243
125848 195
125871
126172 196
127293
131397 209
131484
132088 211
133042
133356 212
133438
134039 214
174078
175601 219
175627
