2191 3
2556
3791 7
4135
5637 7
6421 12
6490
6787 13
6853
7152 14
7481
13935 35
13962
17922 48
18266
22235 48
23019 61
25527
29495 74
32581
36545 87
36684
40643 100
54523
58534 113
58682
59287 115
66036
66336 116
66363
70672 130
70759
71356 132
72189
76808 147
76895
77500 149
78333
78651 150
78701
79306 152
79327
80262 155
80344
80949 157
113348
118565 174
118577
118878 175
118933
122936 188
123021
123626 190
123649
123950 191
125065
129161 204
129248
129856 206
130810
131128 207
131210
131815 209
171524
173047 214
173073
