2216 3
2581
3816 7
4190
5692 7
6642 12
6711
7008 13
7074
7373 14
7700
14154 35
14181
18141 48
18510
20352 48
21136
23263 61
25697
29665 74
32750
36714 87
36853
40812 100
54692
58703 113
58850
59455 115
66203
66503 116
66530
70839 130
70926
71523 132
72443
77050 147
77137
77742 149
78575
78893 150
78943
79548 152
79569
80504 155
80586
81191 157
113597
118819 174
118904
119511 176
119563
119864 177
120040
120343 178
120395
121301 181
121313
121614 182
121669
125672 195
125757
126362 197
126385
126686 198
127809
131909 211
131996
132596 213
133550
133868 214
133950
134555 216
174383
175906 221
175932
