2167 3
2532
3767 7
4092
5594 7
6544 12
6613
6910 13
6976
7275 14
7604
14058 35
14085
18045 48
18365
22334 48
23118 61
25552
29520 74
32605
36569 87
36708
40667 100
54547
58558 113
58705
59310 115
66058
66358 116
66385
70694 130
70781
71378 132
72298
76905 147
76992
77597 149
78430
78748 150
78798
79403 152
79424
80359 155
80441
81046 157
113580
118802 174
118887
119494 176
119546
119847 177
120021
120324 178
120376
121282 181
121294
121595 182
121650
125653 195
125738
126343 197
126366
126667 198
127782
131882 211
131969
132569 213
133523
133841 214
133923
134528 216
174559
176082 221
176108
