2171 3
2536
3771 7
4100
5602 7
6552 12
6621
6918 13
6984
7283 14
7612
14066 35
14093
18053 48
18377
22346 48
23130 61
25564
29532 74
32617
36581 87
36720
40679 100
54559
58570 113
58718
59323 115
66072
66372 116
66399
70708 130
70795
71392 132
72312
76919 147
77006
77611 149
78444
78762 150
78812
79417 152
79438
80373 155
80455
81060 157
113662
118884 174
118969
119576 176
119628
119929 177
120104
120407 178
120459
121365 181
121377
121678 182
121733
125736 195
125821
126426 197
126449
126750 198
203612
207712 211
207799
208399 213
209353
209671 214
209753
210358 216
250277
251800 221
251826
